stdet_results = [[([0.34738404, 0.22310092, 0.48000246, 0.7725167 ],
   ['berjalan'],
   [0.5826629996299744]),
  ([0.01663231, 0.46333078, 0.21318212, 0.9706198 ],
   ['berjalan'],
   [0.5030158162117004])],

 [([0.32945454, 0.20106745, 0.4632955 , 0.7321375 ],
   ['berjalan'],
   [0.7553293108940125]),
  ([0.03508885, 0.5091949 , 0.22391675, 0.8820821 ],
   ['berjalan'],
   [0.4826629996299744])],

 [([0.32349333, 0.17711236, 0.4321191 , 0.65161675],
   ['berjalan'],
   [0.9032831192016602]),
  ([0.10454163, 0.5220998 , 0.3504752 , 0.97712123],
   ['membidik'],
   [0.7553293108940125])],

 [([0.2644745 , 0.16871208, 0.39515644, 0.6076856 ],
   ['berjalan'],
   [0.6126652956008911]),
  ([0.19803259, 0.5492611 , 0.33335972, 0.9991328 ],
   ['membidik'],
   [0.6826629996299744])],

 [([0.24765794, 0.1580198 , 0.37136173, 0.65539306],
   ['berjalan'],
   [0.7585893869400024]),
  ([0.28665444, 0.528761  , 0.4399466 , 0.976069  ],
   ['membidik', 'berjalan'],
   [0.5424362421035767, 0.5826629996299744])],

 [([0.22138917, 0.16182165, 0.3362417 , 0.6031747 ],
   ['berjalan'],
   [0.42768335342407227]),
  ([0.34607008, 0.47720572, 0.49217388, 0.96492857],
   ['membidik', 'berjalan'],
   [0.6033088564872742, 0.4358972566299744])],

 [([0.18971214, 0.16396755, 0.30814248, 0.65183   ],
   ['membidik'],
   [0.5126482844352722]),
  ([0.3960483 , 0.41720578, 0.53863937, 0.9650495 ],
   ['membidik', 'berjalan'],
   [0.4544826149940491, 0.5304656096299744])],

 [([0.18906213, 0.15210617, 0.30729657, 0.608378  ],
   ['membidik'],
   [0.8877660632133484]),
  ([0.44944507, 0.38048965, 0.58530056, 0.9249272 ],
   ['membidik', 'berjalan'],
   [0.4524362421035767, 0.6349457854522334])],

 [([0.18576823, 0.16220339, 0.30933827, 0.6383328 ],
   ['membidik'],
   [0.970620334148407]),
  ([0.45537382, 0.3679413 , 0.58573556, 0.9485067 ],
   ['membidik'],
   [0.6524362421035767])],

 [([0.17717798, 0.15202911, 0.3097127 , 0.65155053],
   ['membidik'],
   [0.9800529479980469]),
  ([0.44752756, 0.308973  , 0.569137  , 0.89479536],
   [],
   [])],

 [([0.18266118, 0.16554728, 0.30675864, 0.62944895],
   ['membidik'],
   [0.9602543115615845]),
  ([0.44340008, 0.30527505, 0.5780876 , 0.88293546],
   [],
   [])],

 [([0.19051774, 0.15272126, 0.3065299 , 0.60876125],
   ['membidik'],
   [0.7655255198478699]),
  ([0.42363307, 0.31554592, 0.56499785, 0.9318138 ],
   ['berjalan'],
   [0.42768335342407227])],

 [([0.20385337, 0.16238193, 0.313155  , 0.6106909 ],
   [],
   []),
  ([0.4109021 , 0.3365323 , 0.5192115 , 0.94164234],
   ['berjalan'],
   [0.7224847674369812])],

 [([0.17934328, 0.1823791 , 0.31677333, 0.6556542 ],
   ['berjalan'],
   [0.828754723072052]),
  ([0.35352027, 0.31885496, 0.48454002, 0.9214882 ],
   ['membidik'],
   [0.5471435189247131])],

 [([0.3389372 , 0.31119257, 0.46443167, 0.9064811 ],
   ['membidik', 'berjalan'],
   [0.8655255198478699, 0.8604634404182434]),
  ([0.13453774, 0.1848279 , 0.22745821, 0.65507144],
   ['berjalan'],
   [0.4819600284099579])],

 [([0.07503366, 0.21986169, 0.21571878, 0.75649256],
   ['berjalan'],
   [0.6483674049377441]),
  ([0.27768788, 0.30960205, 0.43776336, 0.93241835],
   ['membidik'],
   [0.7217583775520325])],

 [([0.24384162, 0.309836  , 0.38793728, 0.9277533 ],
   ['membidik'],
   [0.7471435189247131]),
  ([0.00849363, 0.25388023, 0.14361295, 0.7934024 ],
   ['berjalan'],
   [0.5879366397857666])],

 [([0.26038128, 0.32210907, 0.39623025, 0.8983851 ],
   ['membidik'],
   [0.6819600284099579]),
  ([0.        , 0.38365027, 0.06890473, 0.885707  ],
   ['berjalan'],
   [0.4471435189247131])],

 [([0.2863469 , 0.30740547, 0.402365  , 0.8521168 ],
   ['membidik'],
   [0.4826629996299744])],

 [([0.29458097, 0.29107833, 0.43426695, 0.87181914],
   ['membidik'],
   [0.42408162355422974])],

 [([0.29197636, 0.25811318, 0.39831966, 0.73899937],
   ['membidik'],
   [0.41635599732398987]),
  ([0.02044248, 0.38083506, 0.0526862 , 0.48335442],
   [],
   [])],

 [([0.28950912, 0.23450229, 0.3972092 , 0.77767175],
   ['membidik'],
   [0.41037240624427795])],

 [([0.27163148, 0.21188514, 0.38974494, 0.71808577],
   ['membidik', 'berjalan'],
   [0.4826835095882416, 0.565538647679758789])],

 [([0.2699414 , 0.18042147, 0.37456167, 0.7033833 ],
   [],
   []),
  ([0.2733366 , 0.18784562, 0.36866525, 0.47048444],
   ['membidik', 'berjalan'],
   [0.4917432963848114, 0.645386757878687879])],

 [([0.27005124, 0.17286462, 0.38190398, 0.6655994 ],
   ['membidik', 'berjalan'],
   [0.45405617336300354, 0.42127156257629395])],

 [([0.24764012, 0.16216156, 0.36022428, 0.6380821 ],
   ['membidik', 'berjalan'],
   [0.4616035521030426, 0.658987657657989879])],

 [([0.21482459, 0.16565847, 0.33908463, 0.65550977],
   ['membidik', 'berjalan'],
   [0.46344656845668446, 0.44584647698686968])],

 [([0.18005927, 0.15882166, 0.29648805, 0.65959126],
   ['membidik', 'berjalan'],
   [0.6442964545649344, 0.56456648486576889]),
  ([0.27157024, 0.6377393 , 0.39111364, 0.9959626 ],
   ['berjalan'],
   [0.4221991002559662])]]
