stdet_results = [[([0.3846865 , 0.07717297, 0.5353686 , 0.8282416 ],
   [],
   []),
  ([0.07069682, 0.12340177, 0.280791  , 0.88923556],
   [],
   []),
  ([0.47320274, 0.0699897 , 0.58422625, 0.66586345],
   ['memukul'],
   [0.990917980670929])],

 [([0.38049287, 0.08709579, 0.53380996, 0.82426894],
   [],
   []),
  ([0.4626586 , 0.10269267, 0.5866016 , 0.6472095 ],
   ['memukul'],
   [0.9923591613769531])],

 [([0.3841443 , 0.08295756, 0.5376516 , 0.8397026 ],
   [],
   []),
  ([0.4697984 , 0.11054932, 0.60345924, 0.6585721 ],
   ['memukul'],
   [0.9858919382095337])],

 [([0.4966083 , 0.09316991, 0.63997203, 0.6392346 ],
   ['menendang'],
   [0.9555591940879822]),
  ([0.3852881 , 0.08942875, 0.5437177 , 0.83945936],
   [],
   []),
  ([0.08298461, 0.13942318, 0.2980226 , 0.66552925],
   ['menendang'],
   [0.4316956102848053])],

 [([0.37916073, 0.0805212 , 0.5358774 , 0.8568799 ],
   [],
   []),
  ([0.47314566, 0.1076429 , 0.6298412 , 0.6130383 ],
   ['menendang'],
   [0.7978445887565613]),
  ([0.12586151, 0.12814528, 0.28017014, 0.5143133 ],
   ['menendang'],
   [0.5108319520950317])],

 [([0.4933162 , 0.05732953, 0.6185975 , 0.6241372 ],
   ['menendang'],
   [0.9664949774742126]),
  ([0.38038787, 0.08485181, 0.5377579 , 0.85642785],
   [],
   [])],

 [([0.38448137, 0.08708537, 0.5347614 , 0.825428  ],
   [],
   []),
  ([0.49020436, 0.06430195, 0.5952339 , 0.59125775],
   [],
   []),
  ([0.02950327, 0.15369381, 0.21102631, 0.85835797],
   [],
   [])],

 [([0.3850668 , 0.09460494, 0.53706145, 0.8372461 ],
   [],
   []),
  ([0.4830845 , 0.0633348 , 0.5886341 , 0.55240583],
   [],
   []),
  ([0.06261785, 0.15187742, 0.23689751, 0.80162543],
   ['menendang'],
   [0.5692754983901978])],

 [([0.3857037 , 0.09217578, 0.5323191 , 0.8409717 ],
   [],
   []),
  ([0.45992908, 0.07319511, 0.5693123 , 0.5585189 ],
   ['memukul'],
   [0.996590256690979]),
  ([0.06261785, 0.15187742, 0.23689751, 0.80162543],
   ['menendang'],
   [0.6792754983901978])],

 [([0.38504764, 0.09924781, 0.5388013 , 0.852543  ],
   [],
   []),
  ([0.45749584, 0.09318728, 0.5486288 , 0.56041014],
   ['memukul'],
   [0.9941049814224243]),
  ([0.06261785, 0.15187742, 0.23689751, 0.80162543],
   ['menendang'],
   [0.7692754983901978])],

 [([0.37992722, 0.10849674, 0.53310543, 0.8560001 ],
   [],
   []),
  ([0.45811427, 0.11415753, 0.5403204 , 0.54929614],
   ['memukul'],
   [0.9959911704063416])],

 [([0.38509244, 0.09850655, 0.53135365, 0.82914144],
   [],
   []),
  ([0.45749602, 0.09995297, 0.54241997, 0.57741934],
   [],
   []),
  ([0.07882781, 0.17236349, 0.2340032 , 0.90894234],
   [],
   [])],

 [([0.38533792, 0.1094471 , 0.5258896 , 0.8312338 ],
   [],
   []),
  ([0.45539764, 0.06944631, 0.55024487, 0.6000397 ],
   ['menendang'],
   [0.9956618547439575]),
  ([0.09284727, 0.17956711, 0.24946815, 0.9081432 ],
   [],
   [])],

 [([0.3822856 , 0.10688631, 0.53481865, 0.8341235 ],
   [],
   []),
  ([0.4471005 , 0.06997102, 0.5710836 , 0.5868437 ],
   ['menendang'],
   [0.9937068819999695]),
  ([0.1085375 , 0.11138078, 0.23699874, 0.545578  ],
   ['menendang'],
   [0.44539758563041687])],

 [([0.3850284 , 0.12215731, 0.5218536 , 0.82371074],
   [],
   []),
  ([0.46149093, 0.06356118, 0.55945516, 0.6073151 ],
   ['menendang'],
   [0.9922407269477844]),
  ([0.1085375 , 0.11138078, 0.23699874, 0.545578  ],
   ['menendang'],
   [0.77239758563041687])],

 [([0.38610563, 0.12387092, 0.5220017 , 0.82762086],
   [],
   []),
  ([0.47730282, 0.0587313 , 0.5590492 , 0.6132576 ],
   [],
   [])],

 [([0.3868653 , 0.11612207, 0.52583295, 0.8340562 ],
   [],
   []),
  ([0.4620908 , 0.08226727, 0.5920737 , 0.6480506 ],
   [],
   []),
  ([0.04436053, 0.16276684, 0.22992131, 0.90426594],
   [],
   [0.579410195350647])],

 [([0.38921204, 0.12784018, 0.5372943 , 0.8353761 ],
   [],
   []),
  ([0.4725396 , 0.08051524, 0.5737197 , 0.65927374],
   [],
   []),
  ([0.00958161, 0.20278984, 0.19969493, 0.9118548 ],
   [],
   [])],

 [([0.39017245, 0.12139946, 0.53537077, 0.8376766 ],
   [],
   []),
  ([0.47175902, 0.09521279, 0.5817404 , 0.6483267 ],
   [],
   []),
  ([0.02360985, 0.2291488 , 0.20747693, 0.84472096],
   [],
   [])],

 [([0.38570052, 0.12705864, 0.5299414 , 0.84321254],
   [],
   []),
  ([0.4762572 , 0.11979061, 0.5846277 , 0.6585989 ],
   ['memukul'],
   [0.9957395792007446]),
  ([0.01590474, 0.24026269, 0.21957529, 0.64092594],
   ['menendang'],
   [0.7060946822166443])],

 [([0.38260853, 0.12152193, 0.52938247, 0.83815837],
   [],
   []),
  ([0.46539414, 0.11627118, 0.5815599 , 0.643822  ],
   ['memukul'],
   [0.9978386759757996]),
  ([0.00756322, 0.25978768, 0.24261408, 0.90756696],
   ['menendang'],
   [0.4436019957065582])],

 [([0.3820618 , 0.12275276, 0.5267906 , 0.8354026 ],
   [],
   []),
  ([0.48709467, 0.12120095, 0.6034217 , 0.662368  ],
   ['memukul'],
   [0.9982496500015259]),
  ([0.00756322, 0.25978768, 0.24261408, 0.90756696],
   ['menendang'],
   [0.4583019957065582])],

 [([0.37980083, 0.12421696, 0.5284681 , 0.8462702 ],
   [],
   []),
  ([0.49529013, 0.10682269, 0.6175867 , 0.6205462 ],
   ['menendang'],
   [0.8909547924995422]),
  ([0.02130707, 0.23427968, 0.3572858 , 0.8613764 ],
   ['menendang'],
   [0.5751726031303406])],

 [([0.37725222, 0.12806965, 0.5252042 , 0.8361824 ],
   [],
   []),
  ([0.4711443 , 0.10553725, 0.62862456, 0.6315276 ],
   ['menendang'],
   [0.932843804359436]),
  ([0.04499184, 0.2139817 , 0.18921722, 0.5177067 ],
   [],
   [])],

 [([0.37439144, 0.13800569, 0.5234897 , 0.8535586 ],
   [],
   []),
  ([0.5056228 , 0.04767955, 0.61996484, 0.606776  ],
   [],
   []),
  ([0.07762815, 0.17176346, 0.20722164, 0.8901154 ],
   [],
   [])],

 [([0.3759584 , 0.13449731, 0.52293795, 0.8625114 ],
   [],
   []),
  ([0.50320697, 0.08079886, 0.61525834, 0.6021762 ],
   [],
   []),
  ([0.0705714 , 0.17979248, 0.30010012, 0.6209135 ],
   ['memukul'],
   [0.9171735048294067])],

 [([0.37665546, 0.13319848, 0.5269102 , 0.84433323],
   [],
   []),
  ([0.49293563, 0.07149166, 0.6048936 , 0.60408694],
   [],
   []),
  ([0.08649433, 0.17088717, 0.22915243, 0.8910213 ],
   [],
   [])],

 [([0.38950256, 0.13303487, 0.5291884 , 0.84581727],
   [],
   []),
  ([0.10126431, 0.21209097, 0.3186617 , 0.89110464],
   ['memukul'],
   [0.6514086127281189]),
  ([0.45939732, 0.05923315, 0.595482  , 0.59848726],
   [],
   [])]]
